-44223652 43853203 29375237 96137514
2576735 22436229 28900539 89586596
15128606 24612062 -43526757 92680552
11026947 -4938690 -15128465 97934802
-16062550 20922552 11237930 72796629
46594972 27796568 7642277 57286520
17247691 9394978 98819222 81639719
-11510224 -3637349 35125619 68916436
5914302 56943384 85946684 94980267
40688412 -49968017 37058224 95593774
-20149767 24730837 11879852 72433581
-8874780 -1797011 26085638 73480664
-16797859 -6463538 30192130 81964008
-53988653 20793355 36853318 85236479
-13525108 -18441580 33913867 86947289
-1621542 18076054 98118324 91127121
-120933 2492208 60034569 67126565
13147805 -15837016 6097989 85485695
-28311836 55312928 51344590 92973830
-17576359 15383199 11585068 79502559
-2165216 -8934247 35435335 64558596
105754063 18180556 32126997 97442321
26924719 -15414485 27023866 57311145
-22669976 23024315 55073212 64182085
19906730 -12089617 -123720312 74608914
58500365 -28412945 42707974 92185598
-15976394 22603263 31717266 50550498
-59635248 19384237 31057908 98087568
-16260401 49148158 24674758 78169703
-54376009 -76558698 60212702 70016647
-1532757 26838924 14096368 51711088
-2693214 18831200 41045810 54105451
-12337669 5440570 30683127 65108650
49983644 582647 37462873 53933682
10045954 9253520 100730436 90894516
-4288936 17552159 96977776 93178025
-4440808 -13094242 35149555 71280062
7824977 -1573062 31237070 51405568
-59062192 21843831 46671971 93353663
16916983 10639544 -18582229 79920253
18430853 18497516 32164258 57082268
-25408745 -9590569 31881001 92012814
-16870033 19326370 18185665 68252497
1700794 9717410 25993196 51483576
20099954 15978130 -3250836 56067209
-33471010 18220858 45246849 69960893
-5811043 4586342 48690403 59378406
77352955 12909893 12436359 94002487
25049748 28659008 -25628875 69874974
57913195 14697698 51330220 57110000
21547079 -12940513 -17388524 97676684
-9403430 8420073 34621326 55256504
-29556246 64272960 35914989 95350098
14080857 -4434209 5111340 74136638
10699356 -19538948 15217305 82516974
94339355 37858690 33921084 88813805
39438104 -12249952 59965932 74218229
-55914084 31588995 43230049 88737602
27313086 -1049059 -4950577 75308396
11673981 -13586419 34857909 55948993
77837376 38697795 55672129 83312851
16487755 40332249 -1224973 62505358
60111877 -18426884 33158536 87375881
-12746719 28466656 55642368 54860250
-10367162 22380099 3511046 73370500
-64096632 31572807 43996675 97671231
-35708042 15248774 32542690 76811052
17369487 -36343564 41095709 69533155
-46594817 15139521 34131668 86218373
-17504225 36828825 22464663 69304241
37014599 4956204 4186275 69867688
11238234 63488416 16910343 72775654
41422558 32463649 10978944 53444189
10843416 -41171417 38258252 80964854
-69608343 21387098 38047118 99068598
49089539 -2357432 16307239 77135274
-47704105 17066833 38508722 81023070
2314123 8353223 25839448 52387729
11397894 -12851749 -3284811 93633184
7930011 61314929 30033320 60787483
-53549598 17010714 33085672 92347702
10654067 -20531092 7304937 91466547
-32588710 20427811 36242061 64813427
7491614 -6904123 58760533 67636204
7996808 1083626 19887551 59926606
16009095 4059455 -17550825 86377024
-31696311 43200558 25303671 87029009
26085955 -3040337 -938570 72060443
-24259471 22484177 16799121 73870685
66676453 14589164 25712209 68370976
-2187513 11380095 26664227 53037694
2693708 9104090 -15547362 92644059
103883763 12005620 42768843 97211240
12215592 -11542117 16114216 72106919
-18436017 973067 20647023 85710811
1598678 23002225 6812867 57480765
-55463778 27233543 22314541 97818688
56410333 22201879 25694368 50509630
4918034 29560124 12055354 50022519
-17949643 4096462 21530264 81217511
25780384 -26106455 25568424 68314080
10015701 -9631496 24259177 64251158
-8245539 16046341 24050002 57043653
44492758 4942350 -5805266 87351226
80117350 18940326 38254254 64918326
-11276099 11158904 -1470410 90482209
14892420 21237673 37468974 95885566
3748924 6414234 3045809 75685906
17966575 -10654856 14480659 67102537
-18035480 22589321 24630387 59710394
-17028294 34373324 31846767 56990658
24795543 5830559 -15138030 76099113
10514433 18358990 42376359 93774682
14175736 -15598317 19705175 70612541
-10582798 11710172 62955416 71291270
-8190279 676268 33083973 63324513
-15165019 -24053178 31106423 97006255
-6050850 54110276 11901824 85695065
-50479758 14773419 35247410 89353390
-17005883 -3125669 23970669 85055358
-48487472 19884207 22351981 95145827
19389916 6841395 -24475053 87138530
24701275 81934219 5073298 92099135
7673482 21350706 35272818 51756101
21819562 -17829804 -1848206 86753053
-29748160 20454595 7312742 90875370
-29302690 -115409692 21126730 61274530
13256463 -22033660 22221165 75450593
-21396255 8083494 50818447 73594504
8512030 85815427 32239989 82499194
19395489 17371404 44569454 97888066
69996845 22229162 -5473974 95237330
87635977 18788921 -101423141 54683958
44040356 -29659121 31295445 84399602
-76298025 -52761182 -2366897 73906932
-8473332 10672745 25290825 61404361
10255382 -25457442 31318285 72778263
-28057735 4106020 35414069 77432113
88832672 10443025 27740176 92645134
14331749 -4417142 25473851 53506059
-15463195 851829 30967567 72538301
13860040 -31441829 50552652 77597859
42090670 29142354 31470546 51351553
-1737648 54807394 13328401 80652424
31602170 14137039 -27690074 87150977
68433246 1536087 46324738 75786176
17588800 -5333997 -18604681 95244363
21683068 -18619886 -4093154 89924436
-16253651 14561117 9205444 81381620
3819255 7286123 9557633 68231974
2512249 -28848564 18023603 97207248
-173304770 23085349 27611736 49719092
-21211603 1119745 22776656 86209856
-7757111 24110405 22024476 50517254
33118850 19201363 31112639 97812690
62496916 15568273 44211976 53704878
224070 22750117 -5429082 71349383
19859183 71431783 30663829 58344559
19415895 -22007856 17677812 73808606
7604439 -8116322 30790050 58616472
14490179 23112134 43304799 82751850
-11876874 47992862 4403568 92901943
-40409245 24047567 31598060 73658243
-24108371 14655233 72563345 91479771
-57980158 23646415 31340548 91888128
-34835145 17270571 34452562 72006924
-17453919 -19075206 41250873 87243250
11963898 8179171 5557660 63193780
14121563 -1835738 -21415435 98024139
11448727 24450012 33365996 95164949
-1310966 20754893 -20915782 90366730
-41378618 45487907 35956092 88346243
-60552597 23250248 45031055 91796951
14648582 64023134 52971737 60350762
20919724 12636057 2108183 53230750
69735261 54332752 46842939 82016498
16807589 13568222 -10203092 68721921
94193934 27795085 22323709 90202153
-14892941 -14087068 44470102 82913279
26309996 -26138698 18592128 75852119
21465640 2043713 -17921481 83306736
17123420 -12427515 21497745 62701108
-9155979 32446780 23970435 55068112
-26627886 27947728 5513179 86498207
-25762102 -11148512 33609025 92196475
-169118201 21884933 13547953 98138392
-9326798 57387604 8294051 95856115
69216361 20716517 20220671 70274716
-7763186 30334249 14918820 60614395
-914072 35464855 -3540244 77354988
-11103311 -23348319 30742876 92603222
-121629064 51819224 306783 91478566
-42973326 21522662 37952212 72392950
-3108020 21989827 12078621 57934417
-25865002 12848940 35737674 66172943
-10686075 22098356 17315735 60166466
3321374 -13921639 35339277 64155615
-15826189 5390871 22803823 76525991
21878338 20304934 47702249 57995475
8428293 34349050 -16782702 80139447
-17969862 19964939 27297161 59602245
33669469 45227192 4392876 65040643
-22189012 32910132 12960613 79574296
44542260 39774020 97486745 92908583
13373181 -18535818 28008261 66049269
-9288388 32747591 61716065 61756517
-19845984 15669179 36877284 56194271
-42120399 24164992 22021495 84828398
2926064 6952022 -18426598 97442974
20757522 -62790794 36118615 94809159
8540262 -891129 24688025 56557374
18863220 28322326 86907189 54370943
84556112 59658284 38245805 96505473
-11726860 -5847699 33566557 72902579
-24022816 29254726 -6306102 97019414
-1008163 2561378 -8965158 96306449
19327807 21703487 114841608 83273503
11700960 75800032 3152276 98382617
3696180 54553800 21967552 66325955
8617821 -19640821 5556825 94360704
-48177450 15376797 29659866 92035245
-57706132 23201428 33590680 89808556
-22435430 -3750116 32613018 82467058
81283233 22778547 41678919 62747844
14599372 -42052280 46911871 83827943
16728329 -6910736 25275870 53801111
-14070562 -2455520 25636692 79784001
6355984 24470474 32420122 94112667
-42180277 7661328 28937563 94476410
-28532804 6768771 31361260 79297240
48878808 15400843 12621893 62851854
37623587 27186160 37805547 82575386
-25342419 24665938 37102725 52468289
5570006 24457653 28406462 80632660
2067884 -465337 32773185 54518736
116492240 27385349 36366663 98047906
-52592535 17426106 29289378 94771643
-64839027 -24352396 -42112877 61238701
-3557858 64088267 28865429 76216570
15317841 -1142873 23600638 51118982
2154444 20604923 -22765248 88900573
-9722806 10066685 32287278 56263333
-36241869 18189935 33179777 73766626
21511648 83327346 6072607 93178953
-20246821 13071331 8640727 87429229
21546344 -10521323 22767319 55102206
-2132379 14055780 57221707 54761588
35198770 -23902231 71050089 92715413
-28682918 41705342 32630965 75193471
-14208091 10118392 31181213 61802973
20643757 18308725 -28218688 78160665
42191419 -10127202 36492180 57822006
-29677860 24694081 22284070 71594268
-11245606 15368965 67191026 72530850
61843575 18317313 16638552 68883392
-55326896 21678352 37662486 84880954
30297776 2844094 10406114 59043112
-15920348 16628799 35894643 52291425
15343807 9061208 -9460096 73949545
2671883 29721244 96530045 81583877
-627753 -12365472 18044718 83842975
-8786088 27865615 11451259 62636268
-8777510 57733533 29948695 73998111
60129455 8475133 23526058 70123835
-20003632 17333399 10436098 81128636
-39725822 14921175 35711417 77987744
-16214945 23094625 18492758 63522053
-19234425 18515242 43590754 53773533
96174825 40312311 33886310 93137730
-47101638 16544256 34297635 85154217
-27168972 34738794 22783504 76560049
88293791 28967665 13340283 94458023
-19373965 -4590386 47008684 80436200
3466360 802633 33764896 50860598
-20381538 28541718 24053608 62305435
57993116 7117632 29161562 63709464
6616499 15345950 10440376 56491816
-11624521 3424715 28174228 68920038
18651174 45622068 -6290501 70697169
54246980 18384744 -8098125 85956109
9623404 34522489 -12447816 74782677
22334256 -3132703 2034221 67658742
90679393 17771261 26405359 88498404
-64034871 22413571 31449273 99066959
4505743 -9574327 37351161 56611932
-46999962 20521352 33864555 81508519
17121599 -3985230 98790022 95116835
6850269 -10830536 34616617 58258107
-37923063 9624728 29095917 88096881
12045485 -16049846 27574471 65324366
-16338397 30564483 -6422375 90761453
-6423716 -4845424 74785135 95517504
20953078 -3313758 16536850 54718936
5103742 6326250 14230845 63233684
22396861 -27041844 19836724 73702734
-514064 62148820 25211694 74886970
5851394 17700510 -12043456 77386023
102779292 16429260 38659856 89685722
26772737 19273523 -39684656 89179408
58224743 10065961 60631599 71354628
-22807048 20048714 29791595 61861198
1945073 53637185 26027769 63100179
-6630363 37193247 96611735 98440081
-19329056 24325395 -7461470 91359643
-5304251 37798716 28697749 51841404
43709756 -15708197 3478776 97935167
42545 -15755950 12896139 91711893
17312423 8722729 -36205232 99064574
-15139782 15073596 25334342 63626367
-46272781 24596155 38371206 72200566
928097 5380767 16294255 66291457
-6305159 1258071 64989897 79500169
-24159295 20459585 36387426 56206741
66756938 4590138 26318184 77844170
-44045502 11924305 36498032 84517762
16153247 -29188732 35857764 66072660
20761895 5890288 -2798459 65040823
-30206716 3497602 30932922 84671022
-53160795 17601347 33430260 91023649
-23445923 4525481 14272775 93542375
-35503862 16064448 15047573 93286738
-7769064 18856436 27362206 50445475
-8456577 16998304 51950764 52872246
-27261041 13761096 37830921 64563484
-20611266 5971139 31898621 71635990
6484079 -1096750 -462102 83969234
57346317 -1095112 18482309 81954713
7549117 -2752256 60795324 65461626
20076505 29307154 24541406 61044590
27242816 -38845454 24098878 83985117
-45150958 38441446 31073348 89954819
-43315297 27368302 38554136 69565436
12460089 20517464 43192890 97103978
76448195 14922469 41182259 65272263
21252211 47596328 756182 63023867
-4335981 15381056 371655 77477761
10754492 -15688631 62761858 77159190
-10191592 33500368 12224141 68903617
-29808984 6876592 23589629 88237314
6434856 22867217 -9998656 69591175
-55365414 22446407 35020812 86792660
-177488658 30816930 22956173 50823169
-4985824 12499558 55774699 57724139
4114478 42094208 20768864 54646630
26830713 -773598 15307349 54292523
-14775137 12333281 35240621 56096266
-8521705 -458909 33866495 64008993
-3703069 -1915415 31839666 62673284
-21487026 31030227 48350222 58872037
17706889 -5219096 7321907 69084810
17805605 -57564308 29376159 99277253
-40876871 27171052 7466879 98016827
20418777 -18701022 27679723 59497382
-23511374 22694745 58888808 69168619
-45350498 10942996 31257331 92044671
20500289 -17225256 33299447 52320036
20360546 -267003 36897183 79291647
-18599912 52360506 43351812 72317027
73337936 6216537 41488163 71173799
90909019 48643083 33973889 96115063
3119010 16588031 62521813 52278335
13896294 16670484 95687372 74583776
-37491063 -4331990 33629880 97087747
-35211604 17757501 18539179 87809455
-24774791 28367882 41333262 52480405
-4094537 35697212 7036467 70191046
10816510 20264428 30995912 60416658
-33563104 11328093 35278198 75851366
90528131 21141788 43836865 75787692
45779624 67401317 30627476 73090578
103786770 13796294 46557629 99112347
-47988466 12759408 34214331 89909300
13580666 82992958 19427464 87420621
-8188949 7209614 21522884 68350937
-44131783 36525363 35247040 82845945
16276996 1547849 -26998403 98068596
-38691797 27520713 37081926 66566371
-274473 24641077 29257144 66136135
84031632 927642 43481300 89149605
-20773383 23221138 25291317 61155609
8873125 12937035 37216527 55821968
19204902 47098187 35214138 77781932
-24123675 23959738 34401518 54657053
99016360 23296582 59332490 97616780
16865968 6156668 78246065 64686884
13805405 -10346659 26177384 59258374
47239047 23995762 2277751 62961072
86577432 34069661 36230527 74953463
4319124 -21565511 24541156 81599729
6013277 11995756 -4753284 75638737
4819061 -5519286 -6384410 95979112
13161270 33771855 -22940223 80986762
1089388 4621575 30161686 53022012
19716020 19231091 33756223 57838931
20202311 19828225 -10824307 59688232
21325640 -5014264 68211729 61363510
14040040 22235305 36370283 84426865
10028325 -9126737 28693694 59299177
11946887 11876764 -21433154 86503983
68593749 -8041107 34242793 84387770
-5432454 -9141104 44104868 68141677
76488577 -16986702 37693860 97777033
66689917 38670134 28497715 67399214
228308070 19578956 35998813 60607962
4843046 23110146 5430393 55510988
56721801 10756953 34218707 53741678
15283236 10093276 36724492 75043069
8215922 19373157 48133683 95960130
-35494035 22229507 31212408 70946988
2678354 250016 34010142 51956104
21085702 -40823249 14918984 93713149
9995295 49785274 70236977 68031472
50766426 40745467 12863403 69185342
-25449643 -11387898 50600485 96901225
10558102 27178101 43860155 91781689
-14792097 32635395 6926717 77936829
-30062229 21475395 31802278 65679081
10995342 50825086 22023202 55242423
15636631 -18488116 10162104 81583909
28247363 8319735 73028045 55520098
-783217 -25680075 36537891 78819964
-23043285 14853648 28811144 68272951
-21148126 4847064 34392193 70803499
-3799415 8915537 30450868 53327627
-66358201 91546378 -17904014 80148314
-13984231 14900698 32848459 55129641
-17339283 22805868 12955605 70472467
14970133 19092532 19333834 52046890
17782865 35969044 91757143 67947816
-16974678 32374297 29131166 57653694
17044004 14054781 31959805 77425758
4706134 8158324 18810012 57220037
4953728 44626110 24632678 52475694
-56414542 21390118 41229080 85716683
-38114492 23921885 34492932 68594155
-15279203 37466966 26123515 64058575
16640861 32228752 83122876 56715281
10673140 -23061366 36706078 64576845
-57569017 12320966 42055669 96767000
-16082100 23697478 88873749 90721652
45562237 16722404 69864215 61268308
9403712 18044711 88354 61357863
-17586779 16673770 25553291 64254183
20121826 3341333 4547252 60884132
-40720739 2769753 36477546 90368413
2407454 -13050605 37443867 62093781
-3196639 15208502 77952558 75404081
18575250 6105923 34033898 54196761
45637806 -8397678 31522994 64508048
72476287 12443164 18909294 83119382
60127548 18037479 23750778 60334839
-17632184 30360229 17885390 67542811
12254976 -26785634 4991524 98433884
4053658 -14860488 11095508 88605822
-56496305 24505719 29168186 91716974
-3406497 39889821 53206519 54507386
-39732027 24368348 16703811 87554325
7251268 -29663349 31404501 79902153
-12092810 -12274440 31093340 82168833
12088671 6485735 -22314141 92634192
4749295 38044101 33661592 67307105
-44577815 22351036 36569147 74552099
7452127 -23180458 40992407 66183903
-29940693 -10094618 37608214 91321799
-24226035 16278780 22883109 73958610
65056405 -9038909 35424838 80666395
-28288203 12537323 35742765 68902590
-413278 2439682 -652779 87520834
90382359 12690969 27259822 92427150
-5902540 -1910427 25822706 70884743
-26468219 23315222 36780318 55267285
-44674305 20402528 36138372 77027958
41168072 -16508204 36007423 63664666
14708268 7022139 -1599855 68763930
7039558 -16439135 15861956 82432089
7540730 -3294994 13931970 70716780
-30388410 -72219725 99758733 50810407
73048589 -7853167 34129555 88767898
-25972184 14399835 1731394 98735418
22077361 -27514909 26204666 68127379
-61220878 33730328 37703789 94683574
-17616153 35248908 27111303 63189786
13375774 -14730302 38162161 52086892
-8482617 13933618 31859368 51584850
37284984 -37668588 32962767 83986604
68862356 26836013 71089706 77893667
48273906 -9923619 35231253 64961997
2026756 52534112 440811 87502380
60985514 17220288 33114031 52646734
21056370 -10131371 27661944 50307572
15539426 -1027533 17382699 57000017
37897344 33269643 77882947 60155652
5778621 -27510120 29966495 80659462
-10121048 20001457 -10531558 89545667
10703717 10934125 38271294 88618737
97037731 23047561 35997254 79988586
-16277198 16954691 20459756 67757210
62058633 6537271 36441858 61075130
5882591 13130349 -14750244 84632256
-21071903 12429199 38003610 59533560
-8223961 -19931725 29805477 87244684
4835250 9201495 -865960 75723697
8176572 18245396 67976142 51017499
15377916 -62995219 37521088 98991273
-23036798 -3103026 25479728 89554555
-33983810 7882299 41764745 77329507
-41166291 14334942 31332107 84393717
-15893324 -1176453 29196022 76768338
21996248 -4361086 74847576 66675573
4272124 -36748611 25039295 96331712
-9502621 45617274 -260805 92816538
9957606 17631942 5202265 56102757
12791802 54036280 -13626275 92306524
84527897 23684404 9267481 93571715
26340809 -913558 -721911 69971819
-2848523 -28446782 32423377 87766450
-3512526 53306127 55721085 70544264
3509462 -20296724 12820278 92861771
86277523 16191828 36666305 75414930
19743578 80260633 13628518 84324748
-53179613 15061687 34838861 92173530
-8166745 19203238 27653796 50204181
-45159259 9615053 33957811 90480869
-41441883 38432101 36137772 81172038
-31302634 21067834 29260995 69868368
-23257983 11263291 24655506 76233686
94351755 16815983 31618956 87912371
4084914 -18330882 45939150 69648298
-13386211 46008173 41489016 58887931
12879135 -4228126 -11402327 91645911
874875 11629907 67612894 64571583
-11373770 -5887644 16925228 89230883
16129947 36606113 33209929 63961816
10853646 15277838 76421882 59753581
4828311 -2589950 57180334 64405355
-7157680 -7634746 26741621 76945264
-141450807 -27635483 43207559 65607955
75196092 -7763162 43475018 88998525
-11891379 19767186 8916056 72102615
-47558588 -3932081 -81474895 87773162
16859053 19713648 -34834565 87156401
-5892886 65914843 29033925 80209598
18263544 -51774338 46666971 89641058
35912725 53335959 22342840 57442721
15819398 37680573 5736247 53560841
22435579 -54953849 24866844 96546094
-1848405 -1680664 62435548 75427839
-38537954 11086282 28761881 87584358
4416316 67073397 38605968 61486885
16475596 1987504 -20122802 90554180
-27423817 8954887 31111818 76251661
-23131869 22128928 20389356 69508122
20944713 62546232 26305544 52731742
-25716635 11143251 55799978 79836780
6363375 22940484 564426 59026174
10365284 11396970 -19617239 86749513
-29609684 8340495 24202832 85961070
14825411 6421690 65317434 53533847
-27914200 57773273 55337470 99029453
-36212885 27459979 58468436 80145796
68181191 22268816 30771362 57136713
-3635868 11849193 19156098 61525087
40139724 -13559069 15040813 80653530
7706022 22284382 -35334023 94238212
57018633 18361239 30007525 50645529
-43625647 4980322 38562815 88977122
-50646809 18141069 26165669 95234746
34267039 69022693 23256518 70570107
90038614 2852584 35110319 94071260
9926098 -32705686 31755473 79918682
-26467441 3271113 26621818 85469012
-19215308 19746231 42865942 51798187
-7613341 33048924 70981042 69647779
-8995949 -1107344 8898854 90099018
18584866 11440196 73228416 52666526
9539769 -26189801 27779256 77765323
30465438 24037032 24523711 60773618
30356133 -6258626 18060546 60549788
7445494 17687386 101694065 86024369
-23141030 19874224 1807783 90353556
4700746 19296823 9936925 54959982
-33519066 -6394851 38106934 90701592
32967997 76066 22979126 51908682
12222247 -25760594 16464791 85968199
16761287 51140713 71915047 64298969
-42724004 23137351 28047421 80434098
-46003602 28414229 36571018 75282609
-44577831 35494847 51201696 89278990
-22833200 -20482775 35305617 96904833
-31400368 15011179 43474734 69327128
-24868217 19175540 31952108 62635032
-22167627 14781260 24646130 71634695
-7530624 -12127755 18808858 89744166
-55504237 20608922 32532350 91257527
-37936028 28186224 24091781 79466280
-46090212 43735599 36005912 91255690
5605527 23038203 -9152488 69403355
66015467 3544821 43143953 68179210
15804051 -33123657 32977763 73236308
3160689 5999295 76706498 77009671
20631973 5763334 36529520 66465214
-42633579 22726711 32954867 75846458
-43589141 20290086 37329805 74863736
52456701 5137989 42854003 52736974
-29022556 11787647 33330761 72798736
9054579 -8228138 36441226 51626947
-1182113 28463945 -26890635 93972478
2016680 -7949370 38286852 56540681
-16270876 7002460 6688423 91474453
-25645342 20177854 36187455 58174766
19858501 23112042 -8109337 54033300
77711319 20931729 50943158 70286986
-48158861 19058538 24878859 93115951
-26621861 24000085 22297577 69218667
-56881153 18453274 45339983 93231052
12532190 6907980 -14331099 83785401
12237344 24441313 22886939 67821388
26338007 18525664 36039295 84326382
-24008747 9484655 73419745 97407008
-53047416 23035747 27596237 91309931
24933419 -9849283 60168639 57515702
182205782 38476480 -2960765 91640461
35478575 29330568 31021462 53983943
-27819585 7407063 20147010 89159998
5465958 2785772 16530156 64112583
12686442 21908542 1338523 52961167
-3721795 -4271093 29633659 67253926
-23360653 12304442 22439643 77511095
-4581047 -2985181 15670266 80790438
6409151 71003196 10590379 91439455
5033102 16324639 3513992 64022808
-9046054 49182528 37065515 58598830
3584869 -16894428 18168228 84035846
-14771925 13905635 32728069 57032695
37071989 20203349 -7881462 66745686
49934611 23813042 -11588302 79705549
-38898490 36486265 -103161552 83859676
-43364889 49906031 38722202 91984530
-27083874 16363707 50324150 70507617
-26574181 22926442 33685954 58856242
-17162387 47352975 28132479 73818646
-11621489 22467510 24700749 53347769
17059336 -8090931 -8262449 88188636
-11699030 21731177 -6275256 85137672
-13924460 17936379 9006273 75876328
105685945 20990423 34445546 92246117
13799547 30092422 40920312 69731583
41822311 28043972 93388015 74359869
3436542 21332974 673914 63451706
107818991 23128072 37882806 88804031
17757915 21825641 26100368 58983844
34509007 24036967 35919616 68332655
-27217265 21901304 31963769 62246725
-24996594 22022004 26687977 65181324
-4384648 1496973 49858505 62209813
45052296 58727816 -4801930 99119016
15567979 -10490017 30683582 53132958
-31943537 20369567 28057502 72411071
-10463745 18830192 49846350 50943223
-21677577 20881250 49017135 59276626
26433907 30382973 83008523 50930946
49950272 -36575604 49512595 98602718
-41643326 7108729 32095689 91334096
47823742 20516549 -12034044 81336862
19118219 2949197 -7830435 74657481
-41532850 10974422 41574878 81596463
66293172 65663516 40780446 83842942
8198874 50416815 59905401 60127826
18123441 -8763426 -6430164 85964685
-5183840 8456316 18485625 67136410
88706087 16036759 34204625 80460461
-39168720 42668036 30729677 88543314
-23378278 32108221 34448024 58474286
-1036096 10840368 23469873 55620673
2595931 -38134315 31540035 92893370
2447934 -3051612 17127161 72371026
66760136 4868767 38022390 65864528
40818929 -20088960 27075249 75828180
-10273752 7501184 23664875 68002257
161084800 -26205114 30508010 65809395
-26409379 6861518 21434480 87007998
-42788685 21784613 37480775 72418254
7505413 18117703 -17820658 81092015
-7821952 -27102185 51185327 95572729
46795989 1097716 2896888 84796966
17352173 -12509863 7727896 76324570
-27871368 3814344 42042782 75563010
-13866698 13105307 16940595 72715308
-2887645 35066938 24213872 51176601
15921251 -44301866 34064734 83210348
-25788674 17585784 40911996 58578043
-12749344 45433191 29549523 66068787
-46500798 24415207 38279541 72700579
-28625891 17620514 25267467 74632367
-26296615 9449 53441648 89192121
-57418870 21168717 28513260 96631350
4039164 14276565 75351975 66500103
42965206 22475816 921369 61563879
8361599 15101780 2399993 63031223
8688375 -23661538 32183616 71684079
-34553307 11824170 55162622 87354928
14506302 79145043 20695566 81378960
4022380 -8692352 31358521 62205908
-2724359 59663296 52487162 72879285
18706114 40778134 28521812 65747664
-25958959 2925452 14613172 97314804
61756023 81617443 36918715 96991670
17145137 17994447 2357514 51397590
-14944814 23022104 20940359 59876960
-25332672 10441429 29006277 74779719
64200731 12654541 5439777 88101995
-40612153 31477234 36898035 72627155
-37999448 21735803 22426005 82732189
100586865 15210388 44507200 92447933
-29099156 23730146 38070716 56192866
-3899744 18904890 70501019 64959347
-55910828 13847294 32456397 98501614
60327142 41847228 9516300 83194931
62899271 57233848 26843664 83826382
-152324217 21860424 65150470 72158606
-4396091 -24661910 20105231 97847314
-62136467 24439271 38052600 88539217
4348949 61753764 34615384 60225400
61778658 16865454 33081722 53827019
-16205310 23047820 -11559278 93611252
-5307483 12743880 14223503 67234575
6885833 -13848931 26270778 69586797
-20255337 11793136 63396165 81321571
-15660557 -316774 10620894 94251081
105124154 28908212 38068160 86501460
44594889 -7915058 33134473 61371015
-15512201 18183281 46856940 53649043
5685455 20751898 -2290239 64747346
14078334 -45840912 -82525810 56738678
2319155 14626351 -4835020 76784122
18521827 272416 16356130 53744121
-11809333 20615083 28848202 51240591
-48200017 19199007 31066672 86828999
22418951 -68684012 38523531 96636170
11878622 23459104 -28542564 82099550
7967107 -42554534 37758625 85723381
-49746302 20841704 25686067 92113093
-2020798 -1629790 68774677 81888620
3330864 -17328318 30166423 72725750
-42266534 20871427 33145218 77144566
-41154043 17980473 27869549 84198767
32443571 -9266882 59913615 64188402
90905600 23415055 48880296 78935178
9580901 -21073464 36948214 63438878
-26065620 29515868 45126436 58712564
-37214394 4627929 37421709 84059303
-25046705 105189824 120978676 78924171
7812437 12942453 -13580374 81719978
28955575 -32770677 19983508 83738774
41073048 -5842230 14564839 74345996
-19972674 40607501 28766875 69249460
-26931251 15574795 1411676 98839378
95480037 41439259 46936993 94961857
22290343 -38225441 38540527 66289164
18830147 -6853075 -16774106 93691707
-7565481 22089703 15454049 58916232
-15973680 -10456085 35846076 79478174
12458669 20145385 99651484 76510629
13315433 34913285 -15490123 74523743
16273059 5731026 -6218487 73109393
-23566252 39018047 37993456 62026696
-13138774 11634342 21729087 68669818
25366666 -26729274 49001360 63661583
21686096 -48926122 32109360 84025243
70897666 22189643 50481167 61753442
-46700217 19863172 20030216 95701322
19161099 5263970 5135102 59334393
121534 380897 28736703 59655339
18448946 8103861 36262451 87255091
33876057 22744921 24023527 90025520
10602365 9696450 3835524 64760185
-51015147 17409365 35600333 86899906
-36384899 15842230 37393930 72043330
89714755 7172168 32905922 91632295
18053332 -1998670 21534179 51305835
1335298 -1211393 20394234 68376585
-17621863 19068629 27767551 59680221
-46847001 3447087 38295151 93999405
97616395 21416398 29316933 88878609
90797728 19734193 17504312 95555127
35705147 -11002480 40728012 49999896
-20483317 485285 17197571 91695096
6152021 11484846 19617691 51640071
-7917061 -1918247 38187139 60542648
92433090 14981102 54213129 94229356
-838976 -1035117 35170532 55598121
-24811797 -20225093 44043542 98543634
-17638215 -14183030 30080112 90635622
-32062427 7802301 19345793 93808802
-41810629 13437531 30639819 86627775
11368704 50599203 12164447 64501839
3265334 3702354 22195977 59730991
54641933 3733345 9793075 83111053
2233841 607320 31694945 54358369
-14745594 9224780 13978981 80436438
-14580596 8288155 27699771 67487281
6375005 32666334 -1209241 64936344
8227380 53179078 5432144 76955367
-21788087 23481214 70183881 77953916
-9808262 28653988 25934372 49964283
20297220 17971145 90649836 61844651
43081 -14753985 28693210 74912158
10295434 8987224 -26840500 96452392
-4774912 75339245 21347059 96202870
32590008 -39644732 32142039 82088249
-17832655 -15347227 38675675 83398673
13862676 17672417 -2266807 59626285
25382837 -50493239 33135423 84736347
849536 48620234 74375604 80150988
12547186 62011495 51644368 59113188
-33625293 20425129 37961610 64133072
16819532 73095304 21099165 72612413
11130822 -15897516 67753563 81983540
28625563 21830546 24866682 61056198
-36255014 18176564 14397094 92575933
-6159535 -9833473 9800422 95087087
27351994 -14324977 -4434867 88107818
31305852 16406745 79424356 56887710
-6419746 -113922 12394476 83033704
37161177 13460841 3439923 62256166
5226076 7362023 -14570453 90877049
-4173029 10793542 21340669 60933304
52896303 19336137 -3697761 79253492
-11633981 -35522 27641581 72922700
6060880 28449201 5997053 53827043
-24468622 4439621 32082649 76840892
11644337 14107651 4738876 58403635
-15973121 38046540 19472734 71982789
86876469 29768475 59487840 87239024
-17311706 -9828380 20409837 95625506
-24371684 23830930 64903504 74907610
-12415000 24338152 -5244268 82215630
-50033311 27962776 36268020 79164117
-26601969 21215115 64522221 79372256
-32654156 20700177 34597427 66251226
-13854898 17053149 21089707 64606499
86161073 16945490 22123296 89087834
-38390459 23830372 38003326 65451248
-17690149 43072090 4783863 93414256
9684480 45793630 722365 72822983
45390139 -45007032 33851360 98541582
-34832070 28913304 33558369 67623131
88173428 21876564 28704605 79587834
-8433398 48310706 38331296 55848733
-2866830 13945302 7793072 70022917
-28884469 29997132 45272541 62159182
-5529836 13673784 13257366 67493146
-39545677 6799065 41834985 84044755
10261944 70958675 51574663 70276057
-9088551 16166363 71150414 73535759
-29567562 -1537705 32152321 87847487
70392411 23528322 38219576 50640057
-23717647 21580449 23295816 67736028
20468446 43308737 -1881839 62157909
-4271588 2497576 17434195 73234324
-52674452 21395154 41297627 82040278
34615503 20608122 120868249 97440239
33159671 15759969 40832332 53637244
-58687521 22110477 46021410 92061615
-62271551 21978855 33838971 95348299
-59093656 17971331 45817238 96402922
11404451 -11945273 17416064 72019379
95406460 23379347 36122191 77900570
-55913791 16511343 30318010 97978910
-14321789 -3628959 32953948 73891422
-1380306 28262392 77102551 64749717
-12896679 8378349 -2856722 96269748
89342130 19893887 34032048 77411745
21575076 70629312 42847432 49906155
-9727958 23342979 57568249 53416502
61293586 -12567846 17322043 98535052
18871070 14125110 -32271188 88169471
-8542540 -16778634 30022068 84193617
-39756905 23579387 38159656 66912825
-32770609 18942118 18538684 84184409
61569788 -4129778 24004355 83690748
60260557 6746697 19517939 75991734
-41105173 20594281 41211585 71185758
705523 52653856 356755 89027343
6946189 19145638 45546635 80917938
-35369627 16956247 32656460 74651393
19703371 6422825 33818440 70428113
-5858607 -35427295 35455371 94725013
-38093273 11076638 56216568 92696565
18254350 31009858 -35103063 85294335
11026291 5387104 21827399 50653672
-35011398 5495781 43542285 82521075
10997046 14349300 2417062 61131069
76581443 6589584 36024733 75962965
-43656084 17142048 49842088 85819345
-7622966 5525030 34671688 56320825
100097757 20770653 34769968 86552747
13021798 -15843467 4566521 87150003
9292773 23750132 27756529 53269977
16562687 14869782 36307340 71227156
2022440 15798258 7499810 63574114
-9034140 15236101 32278050 50414469
11205597 15878211 37502028 89795326
54887811 8249596 61430884 70633442
2819427 -12960958 16357463 82678649
-15715542 12844509 34866899 56898596
-7137797 14746584 68580979 70435414
-47755625 17870297 37096175 81683620
7530915 -34209968 26831830 88741896
-11092182 -10516413 35647813 74855247
12537163 30229099 36638833 78094296
-4019805 -9238725 27500287 74652730
10247210 -6647080 25151187 60143178
-7195477 22005719 63896606 58549521
-56662239 18414326 28028381 99113997
62725767 24468619 76445228 77266811
17580511 1071671 71230186 62041681
-39303724 7616939 24141439 96439826
-2394402 -759194 17544145 74503940
-63355154 21357113 36110540 94782000
6811044 76623913 31017123 76231510
-39849709 -2891463 36586565 95049085
-26422619 42289501 33629391 72518560
-20132192 15238235 35656565 58131861
-14417616 2597573 23473571 77240941
-2062586 -8410173 1697500 97669860
28621130 -18985739 22895201 66707221
18858714 -4666580 20278412 54423954
-15252748 10135537 30166020 63845678
-23461237 -6058984 20356178 98058548
-21232876 24088908 29149608 56888947
4768147 -38210300 28047752 94288863
-18318791 27538205 -15186515 98479283
12464166 12555521 8983765 54891056
-48779301 14945613 28983157 93745238
-44227750 24557371 38100579 70464482
19912938 -18743179 2182654 85542196
14090071 33969848 30352455 57993527
-24758442 21666233 22374613 69612279
-15311832 18580389 22353469 63272593
-25379667 11899461 37591511 64783232
-18063930 4172694 32722139 70063662
-17704960 35335344 25476556 65000252
-100016490 -24985585 12789442 70007589
719275 11023282 -8229054 85381115
-9109800 30102774 14874556 61773787
9849756 72479738 10885516 89180269
755088 3721973 21193485 63224179
-37444377 9998420 48184847 85093997
39391079 27569266 273995 57223422
45117284 21397926 3091419 62623588
-2532485 -6304698 32719411 65012614
74559650 11817576 36553876 68183757
-35607269 22350312 36313047 65838442
-23939513 22952544 46572828 57023086
-36849566 5107273 35936132 84700653
-3163878 14861180 -1576379 78773791
16661934 -6543548 20882514 57893684
495855 -9624223 9588788 88434472
-23423791 6581359 54793258 81098941
-14357439 6972389 33003137 63276420
6438934 -8127292 37078838 53504462
-98030408 103245231 35545238 81033431
40894446 15927272 5676780 61285940
13562675 -53036980 45760818 94698427
-5138926 8253048 9182112 76598442
-24720730 22768318 24230152 66616903
59054054 -20155841 50927827 92702108
11095375 62136969 2520145 85957255
-49602427 24070944 57250802 92245556
-6928505 2172889 77154528 91373485
63685057 856503 10323628 94500657
-24565344 16761879 27476452 69221505
668238 24182975 35823652 79281521
9376088 22968398 33300040 87960322
101471065 9764267 36005715 97696654
20244935 16631691 23445606 68296989
-5900452 22694990 21515480 50584523
1966915 16334496 34660030 60129930
44233785 5113229 23974747 57141383
5754842 -42347309 34718237 90768687
-48388530 18810254 32465731 86007060
-17603339 23291161 74946703 78722192
37238581 18993996 38692018 81486611
-7351374 17148647 25798478 53298715
24536425 4418209 84952494 67635068
3224035 15095142 -8428301 79003735
-51157763 16763801 30633022 92655579
16208986 -17925051 -6148388 96759094
19457560 28202299 29449587 94351079
-11155483 49924199 31718621 66796835
-33306141 24055360 36161600 61983772
13660952 7784662 -12684971 80134023
13899752 -21759539 3402791 93351863
105079984 23202427 40721379 85163240
-32580529 23291677 78224932 96977278
-8537049 -16554221 22602827 91383365
54233259 -15995778 37284841 74939734
-29882533 21956098 36586683 60234299
70662107 16719883 36312649 59625139
