-10166, -20343,  1,  2
 10430,  20752, -1, -2
 51470, -20342, -5,  2
-40983, -10076,  4,  1
 30947, -40894, -3,  4
 20709,  51575, -2, -5
 20704, -40898, -2,  4
-40946,  51577,  4, -5
-30712,  41294,  3, -4
-40939,  41298,  4, -4
 30975,  41295, -3, -4
-30671, -40898,  3,  4
 41249, -40897, -4,  4
-51230,  31026,  5, -3
-20448,  31027,  2, -3
 30978,  31023, -3, -3
-30711,  41298,  3, -4
-10147, -20348,  1,  2
 41244,  51570, -4, -5
 41204,  41300, -4, -4
 30938,  31020, -3, -3
-20397, -40893,  2,  4
-20424, -20347,  2,  2
-30717,  41302,  3, -4
-10174, -40896,  1,  4
 30962,  51573, -3, -5
 41236,  10478, -4, -1
-51254,  51575,  5, -5
 41236, -30621, -4,  3
-10141,  10481,  1, -1
-40991, -20344,  4,  2
-51241,  41294,  5, -4
-30678, -30624,  3,  3
-30672,  31020,  3, -3
-40975,  41300,  4, -4
-30669,  41299,  3, -4
 51491, -30618, -5,  3
-20444, -30616,  2,  3
 30946,  10474, -3, -1
 20704, -51171, -2,  5
-10155,  10477,  1, -1
-51267,  51577,  5, -5
-10129, -20349,  1,  2
 20659,  41298, -2, -4
-20408, -20346,  2,  2
-40951, -40891,  4,  4
 41212,  41302, -4, -4
-51246,  31028,  5, -3
 10390, -20349, -1,  2
-30701,  31025,  3, -3
-51262,  31021,  5, -3
 51518, -30616, -5,  3
-40935, -20344,  4,  2
 10419, -30615, -1,  3
 41196, -30622, -4,  3
-10150, -10075,  1,  1
 10414,  20751, -1, -2
-10153,  20747,  1, -2
 20649,  41294, -2, -4
 10431, -30620, -1,  3
-10172,  51577,  1, -5
-40936, -40894,  4,  4
-20429,  41299,  2, -4
 51514,  51576, -5, -5
 41252,  41302, -4, -4
-40953, -10071,  4,  1
 51480,  10472, -5, -1
-30682,  51575,  3, -5
 10395,  10475, -1, -1
 30978, -20343, -3,  2
 51512, -51172, -5,  5
 30924,  20746, -3, -2
 41216,  20754, -4, -2
 30940,  20749, -3, -2
-51262,  51572,  5, -5
-30661, -20350,  3,  2
 30939,  31021, -3, -3
 51491,  41294, -5, -4
-51270, -30618,  5,  3
 30975, -20342, -3,  2
-40945, -30619,  4,  3
 41222,  20752, -4, -2
 30954,  51574, -3, -5
 51499, -10076, -5,  1
 10406, -40894, -1,  4
-51254,  10473,  5, -1
 41244, -51164, -4,  5
 10411,  51569, -1, -5
-30674,  41296,  3, -4
-20448, -51164,  2,  5
-20432, -30618,  2,  3
-51260, -30620,  5,  3
 10430,  31026, -1, -3
-40940, -20349,  4,  2
-20398, -10076,  2,  1
-40940,  41302,  4, -4
 10379,  20755, -1, -2
 51506,  41294, -5, -4
 51515,  10477, -5, -1
-51235,  51568,  5, -5
-51249, -10073,  5,  1
-10124, -20350,  1,  2
 20691,  10472, -2, -1
 30955, -20350, -3,  2
 20699,  10472, -2, -1
-30673,  31020,  3, -3
 51526, -40894, -5,  4
 41204, -10069, -4,  1
-20429,  31026,  2, -3
-10129,  51576,  1, -5
 30943, -20347, -3,  2
-20395, -30615,  2,  3
-40994,  51568,  4, -5
 10382, -10075, -1,  1
 51473,  51573, -5, -5
-40963,  20746,  4, -2
-20422, -10070,  2,  1
 30954,  31024, -3, -3
-20422,  31023,  2, -3
 41201,  20751, -4, -2
 10382,  10476, -1, -1
-40991, -20343,  4,  2
-20400, -40897,  2,  4
-30702, -51164,  3,  5
-51245,  10477,  5, -1
 10390,  20753, -1, -2
-20439, -51168,  2,  5
-40970,  10475,  4, -1
 51489, -30618, -5,  3
-20387, -40895,  2,  4
-40953,  31029,  4, -3
-30670, -51164,  3,  5
 20669, -30623, -2,  3
-10124,  20755,  1, -2
 30962,  10475, -3, -1
-30665,  41298,  3, -4
 51494,  31029, -5, -3
-20416, -10073,  2,  1
 20672,  20750, -2, -2
 41217, -51170, -4,  5
 41244, -10070, -4,  1
 20704,  20749, -2, -2
-30661,  20747,  3, -2
 41225,  20755, -4, -2
-10126,  31026,  1, -3
 10430,  31026, -1, -3
 20649,  20746, -2, -2
 20676, -40897, -2,  4
 10414, -10075, -1,  1
-20444, -20345,  2,  2
 51482, -51172, -5,  5
-51225, -30617,  5,  3
-40940,  20755,  4, -2
-20405, -51172,  2,  5
 20672,  31026, -2, -3
 51519, -51172, -5,  5
 10407, -51163, -1,  5
-10122,  20746,  1, -2
 51504,  41294, -5, -4
-30703,  51574,  3, -5
-40948, -30617,  4,  3
-10165,  10476,  1, -1
-30674,  41298,  3, -4
 30930,  31020, -3, -3
 10408,  20746, -1, -2
-10158,  41303,  1, -4
 10398,  10479, -1, -1
-51269,  41303,  5, -4
 51490, -20343, -5,  2
 10378,  51568, -1, -5
-51242, -10075,  5,  1
 20683,  20755, -2, -2
-20427,  10473,  2, -1
-30717, -20344,  3,  2
-20436, -10072,  2,  1
 10379, -10070, -1,  1
-20387,  10474,  2, -1
-51270,  51570,  5, -5
 51470, -10072, -5,  1
-30677, -10069,  3,  1
 30954, -30622, -3,  3
-40959,  20754,  4, -2
-51234,  51577,  5, -5
-20446, -20341,  2,  2
 51471, -20341, -5,  2
 30967, -51164, -3,  5
-20430,  31023,  2, -3
-30661,  41302,  3, -4
-51230,  10474,  5, -1
-51258,  41298,  5, -4
 30954, -20348, -3,  2
-20436, -51168,  2,  5
-10153, -20350,  1,  2
-10142, -51171,  1,  5
-10174,  20753,  1, -2
-10118, -30621,  1,  3
 10385, -51168, -1,  5
-30690, -20347,  3,  2
 20683, -51172, -2,  5
-30664,  41298,  3, -4
 30947,  20751, -3, -2
 10407,  41303, -1, -4
 51502,  51575, -5, -5
 51495, -20345, -5,  2
-20424, -51169,  2,  5
 30941, -30619, -3,  3
-51244,  41300,  5, -4
-10153, -20345,  1,  2
 30964,  10472, -3, -1
-10147, -10074,  1,  1
-20444, -40898,  2,  4
 51522,  20754, -5, -2
-10134, -20342,  1,  2
-40953, -10067,  4,  1
-30698, -40893,  3,  4
-20432, -10072,  2,  1
 41228, -20347, -4,  2
-30669, -40893,  3,  4
-10118,  10476,  1, -1
-40978, -10072,  4,  1
 51482, -30624, -5,  3
-40940, -30617,  4,  3
-40969,  51575,  4, -5
 30964,  51577, -3, -5
-30690, -40890,  3,  4
 10382, -10074, -1,  1
 41201, -51171, -4,  5
 41249, -30617, -4,  3
 10374, -10075, -1,  1
-30701,  31024,  3, -3
-20387, -51169,  2,  5
-51262,  31021,  5, -3
-40980, -30622,  4,  3
 51491, -40890, -5,  4
 20709, -10071, -2,  1
-40991,  31021,  4, -3
 30925, -30624, -3,  3
 51488, -20347, -5,  2
-30685, -10068,  3,  1
 10432,  20750, -1, -2
 51486,  20749, -5, -2
-10113,  20746,  1, -2
 41224,  41302, -4, -4
-30711,  31020,  3, -3
-51214, -51167,  5,  5
 10406,  31025, -1, -3
 51519, -10067, -5,  1
 51470,  41299, -5, -4
 41205, -40898, -4,  4
 41212,  41295, -4, -4
-20424,  41296,  2, -4
-30701, -10070,  3,  1
 51494,  20752, -5, -2
 10406, -30620, -1,  3
 51494,  20746, -5, -2
 20704, -40891, -2,  4
-20392, -51164,  2,  5
 10435, -30623, -1,  3
 20672,  41298, -2, -4
-30679, -20350,  3,  2
 30957,  20746, -3, -2
 41247, -20341, -4,  2
-51260,  31024,  5, -3
 41228, -20344, -4,  2
 20704, -10074, -2,  1
-10174, -30620,  1,  3
 20648,  20754, -2, -2
 20693,  10473, -2, -1
-30661,  51569,  3, -5
-40968,  51569,  4, -5
 10379, -51163, -1,  5
-20424, -51166,  2,  5
 10406, -51170, -1,  5
-51222,  41297,  5, -4
 30935,  41294, -3, -4
-40980,  51573,  4, -5
-20396, -20345,  2,  2
-30701, -20343,  3,  2
 41206,  10476, -4, -1
 20653,  10479, -2, -1
-51226,  20754,  5, -2
-30669,  10477,  3, -1
-51262,  10475,  5, -1
 51510,  20749, -5, -2
 51478, -51163, -5,  5
-30706, -20345,  3,  2
 20709,  20755, -2, -2
 30926, -51172, -3,  5
-30721,  10481,  3, -1
 51515, -51167, -5,  5
 51518,  10480, -5, -1
 20676, -10068, -2,  1
-51217, -30618,  5,  3
 41236,  51569, -4, -5
 51518,  10477, -5, -1
 10414,  20747, -1, -2
-51214,  51570,  5, -5
 41241, -30623, -4,  3
-10166, -51164,  1,  5
-40972, -10067,  4,  1
-51214,  51568,  5, -5
-20414, -20341,  2,  2
-30677,  31026,  3, -3
 10422,  31023, -1, -3
 10374,  51571, -1, -5
 10390, -10068, -1,  1
-51209, -20341,  5,  2
 41213, -20348, -4,  2
-10145, -30615,  1,  3
 51511,  51577, -5, -5
 30930,  31027, -3, -3
-20389,  20750,  2, -2
 30971,  20755, -3, -2
-10142,  20751,  1, -2
-20427, -51163,  2,  5
-20387, -30624,  2,  3
-30661,  10479,  3, -1
-30706, -20347,  3,  2
-20387,  41299,  2, -4
 30962,  31026, -3, -3
-51209, -51168,  5,  5
 41201, -51165, -4,  5
 41252,  51573, -4, -5
 30927, -10075, -3,  1
-40962,  10481,  4, -1
 10382, -10067, -1,  1
-30722,  31027,  3, -3
-10126,  20750,  1, -2
-20444,  20754,  2, -2
 20664,  41302, -2, -4
-10154, -51164,  1,  5
-51229,  31020,  5, -3
-40983,  31020,  4, -3
-40970,  10475,  4, -1
 30966, -40893, -3,  4
-30701, -20342,  3,  2
 51507,  10473, -5, -1
 51526, -20341, -5,  2
 20690, -30624, -2,  3
-20440,  31025,  2, -3
-40940, -10075,  4,  1
-51238,  10477,  5, -1
 51518, -10073, -5,  1
 51479, -10072, -5,  1
-10126, -51168,  1,  5
 41244, -20345, -4,  2
 41225, -30624, -4,  3
 51519,  41303, -5, -4
-40956, -30616,  4,  3
-20447, -40898,  2,  4
